0,1,2,3,4,5,6,7,8,9,10,11,12,13,14,15,16,17,18,19,20,21,22,23,24,25,26,27,28,29,30,31,32,33,34,35,36,37,38,39,40,41,42,43,44,45,46,47,48,49,50,51,52,53,54,55,56,57,58,59,60,61,62,63,64,65,66,67,68,69,70,71,72,73,74,75,76,77,78,79,80,81,82,83,84,85,86,87,88,89,90,91,92,93,94,95,96,97,98,99
2e-05,2e-05,2e-05,2e-05,2e-05,2e-05,2e-05,2e-05,2e-05,2e-05,2e-05,2e-05,2e-05,2e-05,2e-05,2e-05,2e-05,2e-05,2e-05,2e-05,2e-05,2e-05,2e-05,2e-05,2e-05,2e-05,2e-05,2e-05,2e-05,2e-05,2e-05,2e-05,2e-05,2e-05,2e-05,2e-05,2e-05,2e-05,2e-05,2e-05,2e-05,2e-05,2e-05,2e-05,2e-05,2e-05,2e-05,2e-05,2e-05,2e-05,2e-05,2e-05,2e-05,2e-05,2e-05,2e-05,2e-05,2e-05,2e-05,2e-05,2e-05,2e-05,2e-05,2e-05,2e-05,2e-05,2e-05,2e-05,2e-05,2e-05,2e-05,2e-05,2e-05,2e-05,2e-05,2e-05,2e-05,2e-05,2e-05,2e-05,2e-05,2e-05,2e-05,2e-05,2e-05,2e-05,2e-05,2e-05,2e-05,2e-05,2e-05,2e-05,2e-05,2e-05,2e-05,2e-05,2e-05,2e-05,2e-05,2e-05
2e-05,2e-05,2e-05,2e-05,2e-05,2e-05,2e-05,2e-05,2e-05,2e-05,2e-05,2e-05,2e-05,2e-05,2e-05,2e-05,2e-05,2e-05,2e-05,2e-05,2e-05,2e-05,2e-05,2e-05,2e-05,2e-05,2e-05,2e-05,2e-05,2e-05,2e-05,2e-05,2e-05,2e-05,2e-05,2e-05,2e-05,2e-05,2e-05,2e-05,2e-05,2e-05,2e-05,2e-05,2e-05,2e-05,2e-05,2e-05,2e-05,2e-05,2e-05,2e-05,2e-05,2e-05,2e-05,2e-05,2e-05,2e-05,2e-05,2e-05,2e-05,2e-05,2e-05,2e-05,2e-05,2e-05,2e-05,2e-05,2e-05,2e-05,2e-05,2.0000000000000052e-05,2.0000000000005995e-05,2.0000000000536218e-05,2.0000000038171433e-05,2.0000002148270207e-05,2.0000094334953364e-05,2.0003161624720343e-05,2.0078061313260384e-05,2.1339638458955375e-05,3.440209000739091e-05,9.778848684536116e-05,0.00012887734577242437,0.0003524704056556236,0.0014354201865884417,0.00035247040565562364,0.00012887734577242437,9.778848684536118e-05,3.4402090007390904e-05,2.1339638458955375e-05,2.0078061313260387e-05,2.0003161624720346e-05,2.0000094334953408e-05,2.000000214827062e-05,2.000000003817148e-05,2.0000000000536224e-05,2.0000000000006e-05,2.0000000000000052e-05,2e-05,2e-05
2e-05,2e-05,2e-05,2e-05,2e-05,2e-05,2e-05,2e-05,2e-05,2e-05,2e-05,2e-05,2e-05,2e-05,2e-05,2e-05,2e-05,2e-05,2e-05,2e-05,2e-05,2e-05,2e-05,2e-05,2e-05,2e-05,2e-05,2e-05,2e-05,2e-05,2e-05,2e-05,2e-05,2e-05,2e-05,2e-05,2e-05,2e-05,2e-05,2e-05,2e-05,2e-05,2e-05,2e-05,2e-05,2e-05,2e-05,2e-05,2e-05,2e-05,2e-05,2e-05,2e-05,2e-05,2e-05,2e-05,2e-05,2e-05,2e-05,2e-05,2e-05,2e-05,2e-05,2e-05,2e-05,2e-05,2e-05,2e-05,2e-05,2e-05,2.000000000000003e-05,2.0000000000003004e-05,2.0000000000298723e-05,2.0000000023923668e-05,2.000000153843756e-05,2.0000078765256126e-05,2.000316316262167e-05,2.0097312160739146e-05,2.2210000975747748e-05,5.4892406373973353e-05,0.00036446978520240215,0.0017254907403534323,0.0023153477487031626,0.005905042680949858,0.022279600346433587,0.0059050426809498565,0.0023153477487031626,0.0017254907403534325,0.00036446978520240204,5.489240637397338e-05,2.2210000975748205e-05,2.009731216073987e-05,2.0003163162627067e-05,2.000007876530402e-05,2.000000153844296e-05,2.000000002392439e-05,2.000000000029918e-05,2.0000000000003048e-05,2.000000000000003e-05,2e-05
2e-05,2e-05,2e-05,2e-05,2e-05,2e-05,2e-05,2e-05,2e-05,2e-05,2e-05,2e-05,2e-05,2e-05,2e-05,2e-05,2e-05,2e-05,2e-05,2e-05,2e-05,2e-05,2e-05,2e-05,2e-05,2e-05,2e-05,2e-05,2e-05,2e-05,2e-05,2e-05,2e-05,2e-05,2e-05,2e-05,2e-05,2e-05,2e-05,2e-05,2e-05,2e-05,2e-05,2e-05,2e-05,2e-05,2e-05,2e-05,2e-05,2e-05,2e-05,2e-05,2e-05,2e-05,2e-05,2e-05,2e-05,2e-05,2e-05,2e-05,2e-05,2e-05,2e-05,2e-05,2e-05,2e-05,2e-05,2e-05,2e-05,2.0000000000000012e-05,2.00000000000011e-05,2.0000000000120053e-05,2.000000001068695e-05,2.000000077329505e-05,2.0000045244534964e-05,2.0002118716164963e-05,2.007810655778935e-05,2.221000174874408e-05,6.615455326208926e-05,0.0006881448966595304,0.006026023055994241,0.026822971105279893,0.03446898402891457,0.07102980730975422,0.22825685464791004,0.07102980730975424,0.03446898402891457,0.026822971105279893,0.006026023055994241,0.0006881448966595359,6.615455326214312e-05,2.221000174882898e-05,2.007810655836639e-05,2.000211872078421e-05,2.0000045245112004e-05,2.000000077337995e-05,2.000000001074082e-05,2.0000000000125674e-05,2.0000000000001374e-05,2e-05
2e-05,2e-05,2e-05,2e-05,2e-05,2e-05,2e-05,2e-05,2e-05,2e-05,2e-05,2e-05,2e-05,2e-05,2e-05,2e-05,2e-05,2e-05,2e-05,2e-05,2e-05,2e-05,2e-05,2e-05,2e-05,2e-05,2.0000000000000005e-05,2e-05,2e-05,2e-05,2e-05,2e-05,2e-05,2e-05,2e-05,2e-05,2e-05,2e-05,2e-05,2e-05,2e-05,2e-05,2e-05,2e-05,2e-05,2e-05,2e-05,2e-05,2e-05,2e-05,2e-05,2e-05,2e-05,2e-05,2e-05,2e-05,2e-05,2e-05,2e-05,2e-05,2e-05,2e-05,2e-05,2e-05,2e-05,2e-05,2e-05,2e-05,2e-05,2.000000000000028e-05,2.000000000003304e-05,2.000000000323798e-05,2.00000002605551e-05,2.0000017162566102e-05,2.0000918911607334e-05,2.0039520192834174e-05,2.134055737056266e-05,5.489242353653646e-05,0.0006881448969199654,0.008815897582166169,0.07070256262127372,0.2734934624431634,0.33298778832486675,0.5139708656472178,1.2450336524116188,0.513970865647218,0.3329877883248668,0.2734934624431634,0.07070256262127374,0.00881589758216677,0.0006881448969252209,5.489242354481162e-05,2.134055742162042e-05,2.0039520564423364e-05,2.00009189626651e-05,2.0000017170841275e-05,2.0000000265810596e-05,2.000000000383976e-05,2.0000000000066053e-05,2e-05
2e-05,2e-05,2e-05,2e-05,2e-05,2e-05,2e-05,2e-05,2e-05,2e-05,2e-05,2e-05,2e-05,2e-05,2e-05,2e-05,2e-05,2e-05,2e-05,2e-05,2e-05,2e-05,2e-05,2.0000000000000005e-05,2.0000000000000005e-05,2.000000000000004e-05,2.000000000000042e-05,2.000000000000004e-05,2.0000000000000005e-05,2.0000000000000005e-05,2e-05,2e-05,2e-05,2e-05,2e-05,2e-05,2e-05,2e-05,2e-05,2e-05,2e-05,2e-05,2e-05,2e-05,2e-05,2e-05,2e-05,2e-05,2e-05,2e-05,2e-05,2e-05,2e-05,2e-05,2e-05,2e-05,2e-05,2e-05,2e-05,2e-05,2e-05,2e-05,2e-05,2e-05,2e-05,2e-05,2e-05,2e-05,2.0000000000000042e-05,2.000000000000562e-05,2.0000000000601788e-05,2.000000005339108e-05,2.0000003916337884e-05,2.0000236390009684e-05,2.0011640123055164e-05,2.0461273059912012e-05,3.441373013044606e-05,0.0003644700215924118,0.006026023059910578,0.07070256262132708,0.4870311235578847,1.4597347802901888,1.6650799542457402,1.7218462209122092,1.8803312741867695,1.7218462209122092,1.6650799542457402,1.4597347802901892,0.48703112355788797,0.07070256262138047,0.006026023060337933,0.0003644700222610543,3.441373386809495e-05,2.0461297917939083e-05,2.0011643860704053e-05,2.0000237058652207e-05,2.000000434369302e-05,2.0000000106782105e-05,2.0000000003836715e-05,2e-05
2e-05,2e-05,2e-05,2e-05,2e-05,2e-05,2e-05,2e-05,2e-05,2e-05,2e-05,2e-05,2e-05,2e-05,2e-05,2e-05,2e-05,2e-05,2e-05,2e-05,2e-05,2e-05,2.0000000000000042e-05,2.000000000000046e-05,2.0000000000000727e-05,2.0000000000005406e-05,2.0000000000047893e-05,2.0000000000005406e-05,2.0000000000000727e-05,2.000000000000046e-05,2.0000000000000042e-05,2e-05,2e-05,2e-05,2e-05,2e-05,2e-05,2e-05,2e-05,2e-05,2e-05,2e-05,2e-05,2e-05,2e-05,2e-05,2e-05,2e-05,2e-05,2e-05,2e-05,2e-05,2e-05,2e-05,2e-05,2e-05,2e-05,2e-05,2e-05,2e-05,2e-05,2e-05,2e-05,2e-05,2e-05,2e-05,2e-05,2.0000000000000005e-05,2.000000000000046e-05,2.0000000000053876e-05,2.0000000005255506e-05,2.0000000427355134e-05,2.0000028879764667e-05,2.0001611690736624e-05,2.007351353650834e-05,2.2698192694507335e-05,9.786200038186951e-05,0.0017254923520441691,0.026822971134159657,0.2734934624435908,1.4597347802901945,1.8985181953002592,1.9635999605356618,1.9726971380646154,1.9893753976071245,1.9726971380646154,1.9635999605356622,1.89851819530027,1.459734780290455,0.27349346244750716,0.026822971163039416,0.0017254923967058567,9.78622257344072e-05,2.2699567023752855e-05,2.007373888904603e-05,2.0001656352424333e-05,2.000005775952925e-05,2.0000004343687023e-05,2.000000026551142e-05,2e-05
2e-05,2e-05,2e-05,2e-05,2e-05,2e-05,2e-05,2e-05,2e-05,2e-05,2e-05,2e-05,2e-05,2e-05,2e-05,2e-05,2e-05,2e-05,2e-05,2e-05,2.0000000000000012e-05,2.000000000000028e-05,2.000000000000562e-05,2.0000000000053876e-05,2.00000000000849e-05,2.000000000057704e-05,2.0000000004619238e-05,2.0000000000577038e-05,2.00000000000849e-05,2.0000000000053876e-05,2.000000000000562e-05,2.000000000000028e-05,2.0000000000000012e-05,2e-05,2e-05,2e-05,2e-05,2e-05,2e-05,2e-05,2e-05,2e-05,2e-05,2e-05,2e-05,2e-05,2e-05,2e-05,2e-05,2e-05,2e-05,2e-05,2e-05,2e-05,2e-05,2e-05,2e-05,2e-05,2e-05,2e-05,2e-05,2e-05,2e-05,2e-05,2e-05,2e-05,2e-05,2.0000000000000005e-05,2.0000000000000727e-05,2.00000000000849e-05,2.000000000827517e-05,2.0000000668642528e-05,2.000004466168771e-05,2.000245070073758e-05,2.0109336397537735e-05,2.3904114062561947e-05,0.0001289866821699621,0.0023153501994039004,0.034468984073576264,0.33298778832553544,1.6650799542457488,1.963599960535662,1.995773913705213,1.9981832008828908,1.9993692192892327,1.9981832008828913,1.9957739137052373,1.9635999605364354,1.6650799542629113,0.3329877885619254,0.034468985685267,0.0023153526501046373,0.00012899777970310514,2.396627481491057e-05,2.01204339306808e-05,2.0004901401475048e-05,2.0001656352415354e-05,2.0000237058115862e-05,2.000001714691688e-05,2e-05
2e-05,2e-05,2e-05,2e-05,2e-05,2e-05,2e-05,2e-05,2e-05,2e-05,2e-05,2e-05,2e-05,2e-05,2e-05,2e-05,2e-05,2e-05,2e-05,2.000000000000003e-05,2.00000000000011e-05,2.000000000003304e-05,2.0000000000601788e-05,2.0000000005255506e-05,2.000000000827517e-05,2.000000005105777e-05,2.0000000371589195e-05,2.000000005105777e-05,2.000000000827517e-05,2.0000000005255502e-05,2.0000000000601788e-05,2.000000000003304e-05,2.00000000000011e-05,2.000000000000003e-05,2e-05,2e-05,2e-05,2e-05,2e-05,2e-05,2e-05,2e-05,2e-05,2e-05,2e-05,2e-05,2e-05,2e-05,2e-05,2e-05,2e-05,2e-05,2e-05,2e-05,2e-05,2e-05,2e-05,2e-05,2e-05,2e-05,2e-05,2e-05,2e-05,2e-05,2e-05,2e-05,2e-05,2.000000000000004e-05,2.0000000000005406e-05,2.000000000057704e-05,2.000000005105777e-05,2.0000003737648888e-05,2.0000225352537695e-05,2.001109753314307e-05,2.044053477988687e-05,3.382246668281867e-05,0.0003529109404355105,0.005905053778483001,0.07102980753510676,0.5139708656509556,1.7218462209122603,1.972697138064616,1.9981832008828908,1.9998433767802255,1.9999680316189044,1.9998433767802637,1.9981832008844291,1.9726971381098608,1.721846221831172,0.5139708772910787,0.07102988104864327,0.005905163114880538,0.0003533514752153973,3.608738771217877e-05,2.0881069559773613e-05,2.0120433930670547e-05,2.0073738888331724e-05,2.0011643822522312e-05,2.0000917424222035e-05,2e-05
2e-05,2e-05,2e-05,2e-05,2e-05,2e-05,2e-05,2e-05,2e-05,2e-05,2e-05,2e-05,2e-05,2e-05,2e-05,2e-05,2e-05,2e-05,2.0000000000000052e-05,2.0000000000003004e-05,2.0000000000120053e-05,2.000000000323798e-05,2.000000005339108e-05,2.0000000427355134e-05,2.0000000668642528e-05,2.0000003737648888e-05,2.0000024858027076e-05,2.0000003737648888e-05,2.0000000668642528e-05,2.000000042735513e-05,2.000000005339108e-05,2.000000000323798e-05,2.0000000000120053e-05,2.0000000000003004e-05,2.0000000000000052e-05,2e-05,2e-05,2e-05,2e-05,2e-05,2e-05,2e-05,2e-05,2e-05,2e-05,2e-05,2e-05,2e-05,2e-05,2e-05,2e-05,2e-05,2e-05,2e-05,2e-05,2e-05,2e-05,2e-05,2e-05,2e-05,2e-05,2e-05,2e-05,2e-05,2e-05,2e-05,2.0000000000000005e-05,2.000000000000042e-05,2.0000000000047893e-05,2.0000000004619238e-05,2.0000000371589195e-05,2.0000024858027076e-05,2.000137432924552e-05,2.006216075234863e-05,2.2264921029360112e-05,8.497675810439462e-05,0.0014376851076178018,0.022279662507185934,0.22825685602223922,1.245033652436477,1.8803312741871412,1.989375397607129,1.9993692192892327,1.9999680316189041,1.9999965635265893,1.9999680316210522,1.999369219367998,1.9893753997258445,1.8803313137073339,1.2450341137095369,0.22825955421493377,0.022283566621248495,0.0014515075743006206,0.00014995351620878913,3.608738771216979e-05,2.396627481419626e-05,2.2699566979241674e-05,2.046129576895415e-05,2.0039441799110363e-05,2e-05
2e-05,2e-05,2e-05,2e-05,2e-05,2e-05,2e-05,2e-05,2e-05,2e-05,2e-05,2e-05,2e-05,2e-05,2e-05,2e-05,2e-05,2.000000000000009e-05,2.0000000000005995e-05,2.0000000000298723e-05,2.000000001068695e-05,2.00000002605551e-05,2.0000003916337884e-05,2.0000028879764667e-05,2.000004466168771e-05,2.0000225352537695e-05,2.0001374329245515e-05,2.0000225352537695e-05,2.000004466168771e-05,2.0000028879764667e-05,2.0000003916337884e-05,2.00000002605551e-05,2.000000001068695e-05,2.0000000000298723e-05,2.0000000000005995e-05,2.000000000000009e-05,2e-05,2e-05,2e-05,2e-05,2e-05,2e-05,2e-05,2e-05,2e-05,2e-05,2e-05,2e-05,2e-05,2e-05,2e-05,2e-05,2e-05,2e-05,2e-05,2e-05,2e-05,2e-05,2e-05,2e-05,2e-05,2e-05,2e-05,2e-05,2e-05,2e-05,2e-05,2.000000000000004e-05,2.0000000000005406e-05,2.000000000057704e-05,2.000000005105777e-05,2.0000003737648888e-05,2.0000225352537695e-05,2.001109753314307e-05,2.044053477988687e-05,3.382246668281867e-05,0.0003529109404355105,0.005905053778483001,0.07102980753510676,0.5139708656509556,1.7218462209122603,1.972697138064616,1.9981832008828913,1.9998433767802637,1.9999680316210524,1.9998433768745987,1.9981832040460537,1.9726972161711738,1.7218475614696311,0.5139852793810861,0.07110766953548864,0.006014040460652963,0.000685821880871021,0.0014515075743006145,0.00035335147521486107,0.00012899777966492344,9.78622235854227e-05,3.4413639494959846e-05,2.1337394258457074e-05,2e-05
2e-05,2e-05,2e-05,2e-05,2e-05,2e-05,2e-05,2e-05,2e-05,2e-05,2e-05,2e-05,2e-05,2e-05,2e-05,2e-05,2.0000000000000117e-05,2.000000000000898e-05,2.0000000000536336e-05,2.0000000023923668e-05,2.000000077329505e-05,2.0000017162566102e-05,2.0000236390009684e-05,2.0001611690736624e-05,2.0002450700737577e-05,2.001109753314307e-05,2.006216075234863e-05,2.001109753314307e-05,2.0002450700737577e-05,2.0001611690736624e-05,2.0000236390009684e-05,2.0000017162566102e-05,2.000000077329505e-05,2.0000000023923668e-05,2.0000000000536336e-05,2.000000000000898e-05,2.0000000000000117e-05,2e-05,2e-05,2e-05,2e-05,2e-05,2e-05,2e-05,2e-05,2e-05,2e-05,2e-05,2e-05,2e-05,2e-05,2e-05,2e-05,2e-05,2e-05,2e-05,2e-05,2e-05,2e-05,2e-05,2e-05,2e-05,2e-05,2e-05,2e-05,2e-05,2e-05,2.0000000000000005e-05,2.0000000000000727e-05,2.00000000000849e-05,2.000000000827517e-05,2.0000000668642528e-05,2.000004466168771e-05,2.000245070073758e-05,2.0109336397537735e-05,2.3904114062561947e-05,0.0001289866821699621,0.0023153501994039004,0.034468984073576264,0.33298778832553544,1.6650799542457488,1.9635999605356622,1.9957739137052373,1.998183200884429,1.999369219367998,1.9981832040460537,1.995774011017398,1.963602170537411,1.665114846669285,0.3333322583471278,0.03617447642562044,0.0046107003988078,0.0060140404606529585,0.0222835666212482,0.005905163114856614,0.0023153526485662,0.0017254923179405917,0.00036446685909789626,5.479511136015109e-05,2e-05
2e-05,2e-05,2e-05,2e-05,2e-05,2e-05,2e-05,2e-05,2e-05,2e-05,2e-05,2e-05,2e-05,2e-05,2e-05,2.0000000000000117e-05,2.0000000000010264e-05,2.0000000000714315e-05,2.00000000381817e-05,2.0000001538437673e-05,2.0000045244534968e-05,2.0000918911607334e-05,2.0011640123055164e-05,2.007351353650834e-05,2.0109336397537735e-05,2.0440534779886872e-05,2.2264921029360115e-05,2.0440534779886872e-05,2.0109336397537735e-05,2.007351353650834e-05,2.0011640123055164e-05,2.0000918911607334e-05,2.0000045244534968e-05,2.0000001538437673e-05,2.00000000381817e-05,2.0000000000714315e-05,2.0000000000010264e-05,2.0000000000000117e-05,2e-05,2e-05,2e-05,2e-05,2e-05,2e-05,2e-05,2e-05,2e-05,2e-05,2e-05,2e-05,2e-05,2e-05,2e-05,2e-05,2e-05,2e-05,2e-05,2e-05,2e-05,2e-05,2e-05,2e-05,2e-05,2e-05,2e-05,2e-05,2e-05,2.0000000000000005e-05,2.000000000000046e-05,2.0000000000053876e-05,2.0000000005255506e-05,2.0000000427355134e-05,2.0000028879764667e-05,2.0001611690736624e-05,2.007351353650834e-05,2.2698192694507335e-05,9.786200038186951e-05,0.0017254923520441691,0.026822971134159657,0.2734934624435908,1.4597347802901945,1.89851819530027,1.9635999605364354,1.9726971381098606,1.9893753997258445,1.9726972161711738,1.9636021705374107,1.898564349853532,1.4604029251871145,0.27949948550350145,0.053625942268319335,0.03617447642562044,0.07110766953548851,0.2282595542149231,0.07102988104786996,0.034468985640022466,0.02682296904432326,0.006025944953780138,0.0006859348951762976,2e-05
2e-05,2e-05,2e-05,2e-05,2e-05,2e-05,2e-05,2e-05,2e-05,2e-05,2e-05,2e-05,2e-05,2e-05,2.000000000000009e-05,2.000000000000898e-05,2.0000000000714315e-05,2.0000000044511187e-05,2.0000002148984514e-05,2.0000078765265108e-05,2.000211871616505e-05,2.0039520192834174e-05,2.0461273059912012e-05,2.2698192694507335e-05,2.3904114062561947e-05,3.382246668281867e-05,8.497675810439464e-05,3.382246668281867e-05,2.3904114062561947e-05,2.2698192694507335e-05,2.0461273059912012e-05,2.0039520192834174e-05,2.000211871616505e-05,2.0000078765265108e-05,2.0000002148984514e-05,2.0000000044511187e-05,2.0000000000714315e-05,2.0000000000008984e-05,2.000000000000009e-05,2e-05,2e-05,2e-05,2e-05,2e-05,2e-05,2e-05,2e-05,2e-05,2e-05,2e-05,2e-05,2e-05,2e-05,2e-05,2e-05,2e-05,2e-05,2e-05,2e-05,2e-05,2e-05,2e-05,2e-05,2e-05,2e-05,2e-05,2e-05,2e-05,2.0000000000000042e-05,2.000000000000562e-05,2.0000000000601788e-05,2.000000005339108e-05,2.0000003916337884e-05,2.0000236390009684e-05,2.0011640123055164e-05,2.0461273059912012e-05,3.441373013044606e-05,0.00036447002159241187,0.006026023059910578,0.07070256262132715,0.4870311235578886,1.459734780290455,1.6650799542629113,1.721846221831172,1.8803313137073339,1.7218475614696311,1.665114846669285,1.4604029251871145,0.4958270211400547,0.14138512524265426,0.27949948550350145,0.33333225834712776,0.5139852793810828,1.2450341137092764,0.5139708772739161,0.33298778764301373,0.2734934229273143,0.07070122206400994,0.008781005158633469,2e-05
2e-05,2e-05,2e-05,2e-05,2e-05,2e-05,2e-05,2e-05,2e-05,2e-05,2e-05,2e-05,2e-05,2.0000000000000052e-05,2.0000000000005995e-05,2.0000000000536336e-05,2.00000000381817e-05,2.0000002148984514e-05,2.0000094373135064e-05,2.0003163163158004e-05,2.0078106557795343e-05,2.134055737056271e-05,3.441373013044606e-05,9.786200038186952e-05,0.00012898668216996208,0.0003529109404355105,0.001437685107617802,0.0003529109404355105,0.00012898668216996208,9.786200038186952e-05,3.4413730130446056e-05,2.134055737056271e-05,2.0078106557795343e-05,2.0003163163158004e-05,2.0000094373135064e-05,2.0000002148984514e-05,2.00000000381817e-05,2.0000000000536336e-05,2.0000000000005995e-05,2.0000000000000052e-05,2e-05,2e-05,2e-05,2e-05,2e-05,2e-05,2e-05,2e-05,2e-05,2e-05,2e-05,2e-05,2e-05,2e-05,2e-05,2e-05,2e-05,2e-05,2e-05,2e-05,2e-05,2e-05,2e-05,2e-05,2e-05,2e-05,2e-05,2e-05,2e-05,2.000000000000028e-05,2.000000000003304e-05,2.000000000323798e-05,2.00000002605551e-05,2.0000017162566102e-05,2.0000918911607334e-05,2.0039520192834174e-05,2.1340557370562714e-05,5.4892423536539515e-05,0.0006881448969200911,0.00881589758217001,0.07070256262138051,0.27349346244750716,0.3329877885619254,0.5139708772910786,1.2450341137095369,0.5139852793810862,0.3333322583471278,0.27949948550350145,0.14138512524265426,0.4958270211400547,1.4604029251871147,1.6651148466692844,1.7218475614695778,1.8803313137034179,1.7218462215947823,1.6650799426227882,1.4597343190173948,0.4870167098277581,0.07035809259973472,2e-05
2e-05,2e-05,2e-05,2e-05,2e-05,2e-05,2e-05,2e-05,2e-05,2e-05,2e-05,2e-05,2.000000000000003e-05,2.0000000000003004e-05,2.0000000000298723e-05,2.0000000023923668e-05,2.0000001538437673e-05,2.0000078765265108e-05,2.0003163163158004e-05,2.009731218466282e-05,2.22100017490428e-05,5.489242353653947e-05,0.00036447002159241187,0.0017254923520441691,0.0023153501994039004,0.005905053778483001,0.022279662507185934,0.0059050537784830015,0.0023153501994039004,0.0017254923520441693,0.00036447002159241176,5.489242353653946e-05,2.2210001749042797e-05,2.009731218466282e-05,2.0003163163158004e-05,2.0000078765265108e-05,2.0000001538437673e-05,2.0000000023923668e-05,2.0000000000298723e-05,2.0000000000003004e-05,2.000000000000003e-05,2e-05,2e-05,2e-05,2e-05,2e-05,2e-05,2e-05,2e-05,2e-05,2e-05,2e-05,2e-05,2e-05,2e-05,2e-05,2e-05,2e-05,2e-05,2e-05,2e-05,2e-05,2e-05,2e-05,2e-05,2e-05,2e-05,2e-05,2e-05,2.0000000000000012e-05,2.00000000000011e-05,2.0000000000120053e-05,2.000000001068695e-05,2.000000077329505e-05,2.0000045244534968e-05,2.000211871616505e-05,2.0078106557795346e-05,2.2210001749043265e-05,6.615455327283007e-05,0.000688144896925341,0.006026023060337934,0.026822971163039423,0.034468985685267,0.07102988104864327,0.22825955421493377,0.07110766953548864,0.03617447642562043,0.053625942268319335,0.27949948550350145,1.4604029251871145,1.898564349853532,1.9636021705374058,1.9726972161707468,1.9893753996969652,1.9726971364981698,1.9635998870228983,1.898515497107575,1.459656918289813,0.2717879700915467,2e-05
2e-05,2e-05,2e-05,2e-05,2e-05,2e-05,2e-05,2e-05,2e-05,2e-05,2e-05,2.0000000000000012e-05,2.00000000000011e-05,2.0000000000120053e-05,2.000000001068695e-05,2.000000077329505e-05,2.0000045244534968e-05,2.000211871616505e-05,2.007810655779534e-05,2.22100017490428e-05,6.615455327277622e-05,0.0006881448969200856,0.006026023059910578,0.026822971134159657,0.034468984073576264,0.07102980753510675,0.22825685602223925,0.07102980753510676,0.034468984073576264,0.026822971134159657,0.006026023059910578,0.0006881448969200855,6.615455327277619e-05,2.2210001749042797e-05,2.007810655779534e-05,2.000211871616505e-05,2.0000045244534968e-05,2.000000077329505e-05,2.000000001068695e-05,2.0000000000120053e-05,2.00000000000011e-05,2.0000000000000012e-05,2e-05,2e-05,2e-05,2e-05,2e-05,2e-05,2e-05,2e-05,2e-05,2e-05,2e-05,2e-05,2e-05,2e-05,2e-05,2e-05,2e-05,2e-05,2e-05,2e-05,2e-05,2e-05,2e-05,2e-05,2e-05,2e-05,2e-05,2e-05,2.000000000000003e-05,2.0000000000003004e-05,2.0000000000298723e-05,2.0000000023923668e-05,2.0000001538437673e-05,2.0000078765265108e-05,2.000316316315801e-05,2.009731218466354e-05,2.2210001749127697e-05,5.489242354481463e-05,0.0003644700222610543,0.0017254923967058567,0.0023153526501046373,0.005905163114880538,0.0222835666212485,0.006014040460652963,0.0046107003988078,0.03617447642562044,0.33333225834712776,1.665114846669285,1.9636021705374105,1.9957740110173896,1.998183204045385,1.9993692193233366,1.9981831984337286,1.9957738043688398,1.9635960564216002,1.6649709675635789,0.3306924381261315,2e-05
2e-05,2e-05,2e-05,2e-05,2e-05,2e-05,2e-05,2e-05,2e-05,2e-05,2e-05,2.000000000000028e-05,2.000000000003304e-05,2.000000000323798e-05,2.00000002605551e-05,2.0000017162566102e-05,2.0000918911607334e-05,2.0039520192834174e-05,2.134055737056271e-05,5.489242353653946e-05,0.0006881448969200856,0.008815897582169408,0.07070256262132713,0.2734934624435908,0.33298778832553544,0.5139708656509556,1.245033652436477,0.5139708656509556,0.33298778832553544,0.2734934624435908,0.07070256262132713,0.008815897582169408,0.0006881448969200854,5.489242353653946e-05,2.134055737056271e-05,2.0039520192834174e-05,2.0000918911607334e-05,2.0000017162566102e-05,2.00000002605551e-05,2.000000000323798e-05,2.000000000003304e-05,2.000000000000028e-05,2e-05,2e-05,2e-05,2e-05,2e-05,2e-05,2e-05,2e-05,2e-05,2e-05,2e-05,2e-05,2e-05,2e-05,2e-05,2e-05,2e-05,2e-05,2e-05,2e-05,2e-05,2e-05,2e-05,2e-05,2e-05,2e-05,2e-05,2e-05,2e-05,2.0000000000000052e-05,2.0000000000005995e-05,2.0000000000536336e-05,2.00000000381817e-05,2.0000002148984514e-05,2.000009437313511e-05,2.000316316316341e-05,2.0078106558372386e-05,2.1340557421620474e-05,3.441373386809496e-05,9.78622257344072e-05,0.00012899777970310514,0.0003533514752153973,0.0014515075743006206,0.000685821880871021,0.006014040460652963,0.07110766953548864,0.5139852793810862,1.7218475614696311,1.972697216171173,1.9981832040460028,1.9998433768708612,1.9999680313956993,1.9998433656827306,1.9981827603481117,1.9726833155979338,1.721513309971825,0.5080858118724727,2e-05
2e-05,2e-05,2e-05,2e-05,2e-05,2e-05,2e-05,2e-05,2e-05,2e-05,2.0000000000000042e-05,2.000000000000562e-05,2.0000000000601788e-05,2.000000005339108e-05,2.0000003916337884e-05,2.0000236390009684e-05,2.0011640123055164e-05,2.0461273059912012e-05,3.441373013044606e-05,0.00036447002159241187,0.006026023059910578,0.07070256262132713,0.48703112355788536,1.4597347802901945,1.6650799542457488,1.7218462209122603,1.8803312741871412,1.7218462209122603,1.6650799542457488,1.4597347802901945,0.4870311235578853,0.07070256262132713,0.0060260230599105775,0.00036447002159241176,3.4413730130446056e-05,2.0461273059912012e-05,2.0011640123055164e-05,2.0000236390009684e-05,2.0000003916337884e-05,2.000000005339108e-05,2.0000000000601785e-05,2.000000000000562e-05,2.0000000000000042e-05,2e-05,2e-05,2e-05,2e-05,2e-05,2e-05,2e-05,2e-05,2e-05,2e-05,2e-05,2.0000000000000005e-05,2e-05,2e-05,2e-05,2e-05,2e-05,2e-05,2e-05,2e-05,2e-05,2e-05,2e-05,2e-05,2e-05,2e-05,2e-05,2e-05,2e-05,2.000000000000009e-05,2.000000000000898e-05,2.0000000000714315e-05,2.0000000044511187e-05,2.0000002148984927e-05,2.0000078765312996e-05,2.0002118720784295e-05,2.0039520564423364e-05,2.0461297917939083e-05,2.2699567023752852e-05,2.396627481491057e-05,3.608738771217877e-05,0.0001499535162087893,0.0014515075743006213,0.022283566621248495,0.22825955421493377,1.2450341137095369,1.8803313137073339,1.98937539972584,1.9993692193676267,1.9999680315961945,1.9999965621522602,1.9999679694581518,1.9993669543682033,1.9893104208490244,1.8789135890795237,1.222773989929291,2e-05
2e-05,2e-05,2e-05,2e-05,2e-05,2e-05,2e-05,2e-05,2e-05,2.0000000000000005e-05,2.000000000000046e-05,2.0000000000053876e-05,2.0000000005255506e-05,2.0000000427355134e-05,2.0000028879764667e-05,2.0001611690736624e-05,2.007351353650834e-05,2.2698192694507335e-05,9.786200038186951e-05,0.0017254923520441691,0.026822971134159657,0.2734934624435908,1.4597347802901945,1.8985181953002594,1.9635999605356618,1.9726971380646163,1.989375397607129,1.9726971380646163,1.963599960535662,1.8985181953002592,1.4597347802901943,0.2734934624435908,0.026822971134159657,0.0017254923520441691,9.786200038186951e-05,2.269819269450734e-05,2.007351353650834e-05,2.0001611690736624e-05,2.0000028879764667e-05,2.0000000427355134e-05,2.0000000005255506e-05,2.0000000000053876e-05,2.000000000000046e-05,2.0000000000000005e-05,2e-05,2e-05,2e-05,2e-05,2e-05,2e-05,2e-05,2.0000000000000005e-05,2.0000000000000005e-05,2.000000000000004e-05,2.000000000000042e-05,2.000000000000004e-05,2.0000000000000005e-05,2.0000000000000005e-05,2e-05,2e-05,2e-05,2e-05,2e-05,2e-05,2e-05,2e-05,2e-05,2e-05,2e-05,2e-05,2e-05,2e-05,2e-05,2.0000000000000117e-05,2.0000000000010264e-05,2.0000000000714315e-05,2.000000003818174e-05,2.000000153844307e-05,2.0000045245112004e-05,2.00009189626651e-05,2.0011643860704053e-05,2.0073738889046027e-05,2.012043393068081e-05,2.088106955977401e-05,3.608738771218438e-05,0.0003533514752154512,0.005905163114880621,0.07102988104864384,0.5139708772910833,1.7218462218311725,1.9726971381098601,1.998183200884378,1.9998433767765265,1.9999680313935513,1.9998433656826924,1.998182760348111,1.9726833155979338,1.721513309971825,0.5080858118724727,2e-05
2e-05,2e-05,2e-05,2e-05,2e-05,2e-05,2e-05,2e-05,2e-05,2.0000000000000005e-05,2.0000000000000727e-05,2.00000000000849e-05,2.000000000827517e-05,2.0000000668642528e-05,2.000004466168771e-05,2.000245070073758e-05,2.0109336397537735e-05,2.3904114062561947e-05,0.0001289866821699621,0.0023153501994039004,0.034468984073576264,0.33298778832553544,1.6650799542457488,1.963599960535662,1.995773913705213,1.9981832008828908,1.9993692192892332,1.9981832008828908,1.995773913705213,1.9635999605356618,1.6650799542457488,0.33298778832553544,0.034468984073576264,0.0023153501994039004,0.0001289866821699621,2.3904114062561947e-05,2.0109336397537735e-05,2.0002450700737577e-05,2.000004466168771e-05,2.0000000668642528e-05,2.000000000827517e-05,2.00000000000849e-05,2.0000000000000727e-05,2.0000000000000005e-05,2e-05,2e-05,2e-05,2e-05,2e-05,2e-05,2.0000000000000042e-05,2.000000000000046e-05,2.0000000000000727e-05,2.0000000000005406e-05,2.0000000000047893e-05,2.0000000000005406e-05,2.0000000000000727e-05,2.000000000000046e-05,2.0000000000000042e-05,2e-05,2e-05,2e-05,2e-05,2e-05,2e-05,2e-05,2e-05,2e-05,2e-05,2e-05,2e-05,2e-05,2e-05,2e-05,2.0000000000000117e-05,2.000000000000898e-05,2.0000000000536343e-05,2.000000002392439e-05,2.000000077337995e-05,2.0000017170841275e-05,2.000023705865221e-05,2.0001656352424356e-05,2.0004901401476258e-05,2.0120433930713834e-05,2.396627481551235e-05,0.00012899777970836065,0.0023153526501129133,0.03446898568531806,0.332987788562297,1.6650799542629624,1.9635999605364436,1.9957739137052342,1.998183200882223,1.999369219244571,1.99818319843219,1.9957738043688158,1.9635960564215997,1.6649709675635789,0.3306924381261315,2e-05
2e-05,2e-05,2e-05,2e-05,2e-05,2e-05,2e-05,2e-05,2e-05,2.000000000000004e-05,2.0000000000005406e-05,2.000000000057704e-05,2.000000005105777e-05,2.0000003737648888e-05,2.0000225352537695e-05,2.001109753314307e-05,2.044053477988687e-05,3.382246668281867e-05,0.0003529109404355105,0.005905053778483001,0.07102980753510676,0.5139708656509556,1.7218462209122603,1.972697138064616,1.9981832008828908,1.9998433767802253,1.9999680316189035,1.9998433767802253,1.9981832008828908,1.972697138064616,1.7218462209122603,0.5139708656509556,0.07102980753510676,0.005905053778483001,0.0003529109404355105,3.382246668281867e-05,2.044053477988687e-05,2.001109753314307e-05,2.0000225352537695e-05,2.0000003737648888e-05,2.000000005105777e-05,2.000000000057704e-05,2.0000000000005406e-05,2.000000000000004e-05,2e-05,2e-05,2e-05,2e-05,2.0000000000000012e-05,2.000000000000028e-05,2.000000000000562e-05,2.0000000000053876e-05,2.00000000000849e-05,2.000000000057704e-05,2.0000000004619238e-05,2.0000000000577038e-05,2.00000000000849e-05,2.0000000000053876e-05,2.000000000000562e-05,2.000000000000028e-05,2.0000000000000012e-05,2e-05,2e-05,2e-05,2e-05,2e-05,2e-05,2e-05,2e-05,2e-05,2e-05,2e-05,2e-05,2e-05,2e-05,2.000000000000009e-05,2.0000000000006e-05,2.000000000029918e-05,2.000000001074082e-05,2.0000000265810596e-05,2.0000004343693077e-05,2.000005775953234e-05,2.0001656352544384e-05,2.0073738892284003e-05,2.2699567077143934e-05,9.786222616176235e-05,0.0017254923973744995,0.026822971166777072,0.27349346247236517,1.4597347802941927,1.898518195300939,1.9635999605360845,1.972697138064242,1.989375397578252,1.9726971364529258,1.9635998870221254,1.8985154971075648,1.459656918289813,0.2717879700915467,2e-05
2e-05,2e-05,2e-05,2e-05,2e-05,2e-05,2e-05,2e-05,2.0000000000000005e-05,2.000000000000042e-05,2.0000000000047893e-05,2.0000000004619238e-05,2.0000000371589195e-05,2.0000024858027076e-05,2.000137432924552e-05,2.006216075234863e-05,2.2264921029360112e-05,8.497675810439462e-05,0.0014376851076178018,0.022279662507185934,0.22825685602223922,1.245033652436477,1.8803312741871412,1.989375397607129,1.9993692192892327,1.9999680316189032,1.9999965635265446,1.9999680316189032,1.9993692192892327,1.989375397607129,1.8803312741871412,1.245033652436477,0.22825685602223922,0.022279662507185934,0.0014376851076178018,8.497675810439463e-05,2.2264921029360112e-05,2.006216075234863e-05,2.0001374329245515e-05,2.0000024858027076e-05,2.0000000371589195e-05,2.0000000004619238e-05,2.0000000000047893e-05,2.000000000000042e-05,2.0000000000000005e-05,2e-05,2e-05,2.000000000000003e-05,2.00000000000011e-05,2.000000000003304e-05,2.0000000000601788e-05,2.0000000005255506e-05,2.000000000827517e-05,2.000000005105777e-05,2.0000000371589195e-05,2.000000005105777e-05,2.000000000827517e-05,2.0000000005255502e-05,2.0000000000601788e-05,2.000000000003304e-05,2.00000000000011e-05,2.000000000000003e-05,2e-05,2e-05,2e-05,2e-05,2e-05,2e-05,2e-05,2e-05,2e-05,2e-05,2e-05,2e-05,2e-05,2e-05,2.0000000000000052e-05,2.0000000000003048e-05,2.0000000000125674e-05,2.0000000003839853e-05,2.0000000106788156e-05,2.0000004343991738e-05,2.000023706933915e-05,2.0011644121259143e-05,2.0461301834276963e-05,3.441376274785962e-05,0.00036447006692274207,0.006026023285690471,0.07070256399570976,0.4870311237832411,1.4597347803348562,1.6650799542746277,1.7218462209161232,1.8803312741834854,1.7218462206758811,1.6650799426056258,1.4597343190171346,0.4870167098277549,0.0703580925997347,2e-05
2e-05,2e-05,2e-05,2e-05,2e-05,2e-05,2e-05,2e-05,2e-05,2.000000000000004e-05,2.0000000000005406e-05,2.000000000057704e-05,2.000000005105777e-05,2.0000003737648888e-05,2.0000225352537695e-05,2.001109753314307e-05,2.044053477988687e-05,3.382246668281867e-05,0.0003529109404355105,0.005905053778483001,0.07102980753510676,0.5139708656509556,1.7218462209122603,1.972697138064616,1.9981832008828908,1.9998433767802253,1.9999680316189035,1.9998433767802253,1.9981832008828908,1.972697138064616,1.7218462209122603,0.5139708656509556,0.07102980753510676,0.005905053778483001,0.0003529109404355105,3.382246668281867e-05,2.044053477988687e-05,2.001109753314307e-05,2.0000225352537695e-05,2.0000003737648888e-05,2.000000005105777e-05,2.000000000057704e-05,2.0000000000005406e-05,2.000000000000004e-05,2e-05,2e-05,2.0000000000000052e-05,2.0000000000003004e-05,2.0000000000120053e-05,2.000000000323798e-05,2.000000005339108e-05,2.0000000427355134e-05,2.0000000668642528e-05,2.0000003737648888e-05,2.0000024858027076e-05,2.0000003737648888e-05,2.0000000668642528e-05,2.000000042735513e-05,2.000000005339108e-05,2.000000000323798e-05,2.0000000000120053e-05,2.0000000000003004e-05,2.0000000000000052e-05,2e-05,2e-05,2e-05,2e-05,2e-05,2e-05,2e-05,2e-05,2e-05,2e-05,2e-05,2e-05,2e-05,2e-05,2.000000000000003e-05,2.0000000000001486e-05,2.0000000000075056e-05,2.0000000004376096e-05,2.000000028973427e-05,2.000001794413632e-05,2.0000936125231204e-05,2.0039756954433043e-05,2.13421691123571e-05,5.489487424555221e-05,0.000688155994458484,0.008815959742922359,0.0707025737188603,0.2734934648942915,0.3329877899372261,0.5139708658873424,1.245033652453379,0.5139708656345664,0.3329877874066477,0.2734934229233985,0.07070122206395656,0.008781005158632867,2e-05
2e-05,2e-05,2e-05,2e-05,2e-05,2e-05,2e-05,2e-05,2e-05,2.0000000000000005e-05,2.0000000000000727e-05,2.00000000000849e-05,2.000000000827517e-05,2.0000000668642528e-05,2.000004466168771e-05,2.000245070073758e-05,2.0109336397537735e-05,2.3904114062561947e-05,0.0001289866821699621,0.0023153501994039004,0.034468984073576264,0.33298778832553544,1.6650799542457488,1.963599960535662,1.995773913705213,1.9981832008828908,1.9993692192892332,1.9981832008828908,1.995773913705213,1.9635999605356618,1.6650799542457488,0.33298778832553544,0.034468984073576264,0.0023153501994039004,0.0001289866821699621,2.3904114062561947e-05,2.0109336397537735e-05,2.0002450700737577e-05,2.000004466168771e-05,2.0000000668642528e-05,2.000000000827517e-05,2.00000000000849e-05,2.0000000000000727e-05,2.0000000000000005e-05,2e-05,2.000000000000009e-05,2.0000000000005995e-05,2.0000000000298723e-05,2.000000001068695e-05,2.00000002605551e-05,2.0000003916337884e-05,2.0000028879764667e-05,2.000004466168771e-05,2.0000225352537695e-05,2.0001374329245515e-05,2.0000225352537695e-05,2.000004466168771e-05,2.0000028879764667e-05,2.0000003916337884e-05,2.00000002605551e-05,2.000000001068695e-05,2.0000000000298723e-05,2.0000000000005995e-05,2.000000000000009e-05,2e-05,2e-05,2e-05,2e-05,2e-05,2e-05,2e-05,2e-05,2e-05,2e-05,2e-05,2e-05,2e-05,2.0000000000000117e-05,2.0000000000010278e-05,2.0000000000715687e-05,2.0000000038307368e-05,2.0000001549178488e-05,2.0000046017914917e-05,2.0000964156719342e-05,2.001375884383946e-05,2.0151620094880728e-05,2.2319338146665427e-05,6.659508805271694e-05,0.0006904098179494511,0.006026463594690466,0.02682308047055719,0.03446905758711277,0.0710298191752297,0.22825685694114017,0.071029807579578,0.03446898402987016,0.026822969015481677,0.006025944953353497,0.0006859348951710528,2e-05
2e-05,2e-05,2e-05,2e-05,2e-05,2e-05,2e-05,2e-05,2e-05,2.0000000000000005e-05,2.000000000000046e-05,2.0000000000053876e-05,2.0000000005255506e-05,2.0000000427355134e-05,2.0000028879764667e-05,2.0001611690736624e-05,2.007351353650834e-05,2.2698192694507335e-05,9.786200038186951e-05,0.0017254923520441691,0.026822971134159657,0.2734934624435908,1.4597347802901945,1.8985181953002594,1.9635999605356618,1.9726971380646163,1.989375397607129,1.9726971380646163,1.963599960535662,1.8985181953002592,1.4597347802901943,0.2734934624435908,0.026822971134159657,0.0017254923520441691,9.786200038186951e-05,2.269819269450734e-05,2.007351353650834e-05,2.0001611690736624e-05,2.0000028879764667e-05,2.0000000427355134e-05,2.0000000005255506e-05,2.0000000000053876e-05,2.000000000000046e-05,2.0000000000000005e-05,2.0000000000000117e-05,2.000000000000898e-05,2.0000000000536336e-05,2.0000000023923668e-05,2.000000077329505e-05,2.0000017162566102e-05,2.0000236390009684e-05,2.0001611690736624e-05,2.0002450700737577e-05,2.001109753314307e-05,2.006216075234863e-05,2.001109753314307e-05,2.0002450700737577e-05,2.0001611690736624e-05,2.0000236390009684e-05,2.0000017162566102e-05,2.000000077329505e-05,2.0000000023923668e-05,2.0000000000536336e-05,2.000000000000898e-05,2.0000000000000117e-05,2e-05,2e-05,2e-05,2e-05,2e-05,2e-05,2e-05,2e-05,2e-05,2e-05,2e-05,2.000000000000009e-05,2.000000000000898e-05,2.0000000000714315e-05,2.000000004451121e-05,2.000000214898756e-05,2.0000078765564293e-05,2.0002118740089446e-05,2.003952173127724e-05,2.0461351825225006e-05,2.270135585767074e-05,2.4001426247225486e-05,3.603246843186191e-05,0.00011986918164093413,0.00037829248827523054,0.001729396466106731,0.002318048392098407,0.005905515051542911,0.02227970202737847,0.005905055897175241,0.0023153502766307273,0.0017254922754278885,0.000364466858473765,5.479511135259085e-05,2e-05
2e-05,2e-05,2e-05,2e-05,2e-05,2e-05,2e-05,2e-05,2e-05,2e-05,2.0000000000000042e-05,2.000000000000562e-05,2.0000000000601788e-05,2.000000005339108e-05,2.0000003916337884e-05,2.0000236390009684e-05,2.0011640123055164e-05,2.0461273059912012e-05,3.441373013044606e-05,0.00036447002159241187,0.006026023059910578,0.07070256262132713,0.48703112355788536,1.4597347802901945,1.6650799542457488,1.7218462209122603,1.8803312741871412,1.7218462209122603,1.6650799542457488,1.4597347802901945,0.4870311235578853,0.07070256262132713,0.0060260230599105775,0.00036447002159241176,3.4413730130446056e-05,2.0461273059912012e-05,2.0011640123055164e-05,2.0000236390009684e-05,2.0000003916337884e-05,2.000000005339108e-05,2.0000000000601785e-05,2.000000000000562e-05,2.0000000000000042e-05,2.0000000000000117e-05,2.0000000000010264e-05,2.0000000000714315e-05,2.00000000381817e-05,2.0000001538437673e-05,2.0000045244534968e-05,2.0000918911607334e-05,2.0011640123055164e-05,2.007351353650834e-05,2.0109336397537735e-05,2.0440534779886872e-05,2.2264921029360115e-05,2.0440534779886872e-05,2.0109336397537735e-05,2.007351353650834e-05,2.0011640123055164e-05,2.0000918911607334e-05,2.0000045244534968e-05,2.0000001538437673e-05,2.00000000381817e-05,2.0000000000714315e-05,2.0000000000010264e-05,2.0000000000000117e-05,2e-05,2e-05,2e-05,2e-05,2e-05,2e-05,2e-05,2e-05,2e-05,2.0000000000000052e-05,2.0000000000005995e-05,2.0000000000536336e-05,2.00000000381817e-05,2.0000002148984514e-05,2.0000094373135115e-05,2.0003163163163998e-05,2.0078106558331684e-05,2.134055740874445e-05,3.441373227943099e-05,9.786209475500462e-05,0.00012898984533312008,0.00035298904699330584,0.001439025664988365,0.0003673246705659566,0.0002068486825518316,0.0002068486825518316,0.0003673246705659566,0.0014390256649883587,0.00035298904699276954,0.00012898984529493836,9.786209260602007e-05,3.4413637906295465e-05,2.133739424558041e-05,2e-05
